spawns:
  default:
    world: 4ea0fbb7-6a7c-40ed-a765-628fcb1c7cbd
    world-name: Spawn
    x: 0.5445230391026051
    y: 1.0
    z: 0.5428047769913698
    yaw: 1.9569919109344482
    pitch: 10.110779762268066
  '**':
    world: 4ea0fbb7-6a7c-40ed-a765-628fcb1c7cbd
    world-name: Spawn
    x: 0.5445230391026051
    y: 1.0
    z: 0.5428047769913698
    yaw: 1.9569919109344482
    pitch: 10.110779762268066
